Rowwise Sum (All Are 129)

   129 129 129 129 129 129 129 129 129 129 129 129 129 129 129 129 129 129 129 129 129 129 129
   129 129 129 129 129 129 129 129 129 129 129 129 129 129 129 129 129 129 129 129 129 129 129
   129 129 129 129 129 129 129 129 129 129 129 129 129 129 129 129 129 129 129 129 129 129 129
   129 129 129 129 129 129 129 129 129 129 129 129 129 129 129 129 129 129 129 129 129 129 129
   129 129 129 129 129 129 129 129 129 129 129 129 129 129 129 129 129 129 129 129 129 129 129

Coulmnwise Sum (23 on each Row in this Representation) (0th   - 9 
														94th  - 21
														115th - 21
														Else, - 129, 135, 141, 155)

     9 135 129 129 129 135 129 135 129 129 129 135 141 129 129 129 141 155 129 129 129 129 155 
   129 129 129 129 129 129 129 129 129 129 129 129 129 149 149 129 129 129 129 129 129 129 129 
   129 129 135 135 135 129 135 135 135 129 129 129 135 129 135 129 135 129 135 135 129 135 129 
   129 141 129 129 129 129 135 129 129 129 129 135 135 129 129 129 135 129 129 129 135 129 129 
   129  21 135 129 129 129 129 129 129 129 141 141 129 135 129 129 129 135 129 129 149 149 21


First Swapping Details :)

Average Cost On First Swap == 28
Total Cost On First Swap == 178618
Swaps Performed == 6272
Highest First Swap Cost == 66
Lowest First Swap Cost == 6